- 1:
    orientation:
      w: 0.7030242548872396
      x: -0.007660293770251543
      y: 0.03458172301874692
      z: 0.710283268402579
    position:
      x: 0.5514493651366074
      y: 0.13312209930179827
      z: 0.26453720133482067
- 7:
    orientation:
      w: 0.7021196270285647
      x: 0.015675082124591472
      y: 0.005225509418952007
      z: 0.7118672735791195
    position:
      x: 0.5518013614477986
      y: 0.22990763894101016
      z: 0.2479159158066097
